PSTAR: Stopping Powers and Range Tables for Protons

ALUMINUM OXIDE                                                          

Kinetic   Electron. Nuclear   Total     CSDA      Projected Detour 
Energy    Stp. Pow. Stp. Pow. Stp. Pow. Range     Range     Factor 
MeV       MeV cm2/g MeV cm2/g MeV cm2/g g/cm2     g/cm2            

1.000E-03 7.351E+01 1.578E+01 8.929E+01 1.563E-05 3.882E-06 0.2484 
1.500E-03 9.003E+01 1.378E+01 1.038E+02 2.077E-05 5.935E-06 0.2857 
2.000E-03 1.040E+02 1.231E+01 1.163E+02 2.532E-05 8.021E-06 0.3168 
2.500E-03 1.162E+02 1.118E+01 1.274E+02 2.942E-05 1.010E-05 0.3432 
3.000E-03 1.273E+02 1.027E+01 1.376E+02 3.320E-05 1.216E-05 0.3663 
4.000E-03 1.470E+02 8.900E+00 1.559E+02 4.001E-05 1.620E-05 0.4050 
5.000E-03 1.644E+02 7.900E+00 1.723E+02 4.611E-05 2.013E-05 0.4366 
6.000E-03 1.801E+02 7.131E+00 1.872E+02 5.167E-05 2.393E-05 0.4631 
7.000E-03 1.945E+02 6.518E+00 2.010E+02 5.682E-05 2.761E-05 0.4860 
8.000E-03 2.079E+02 6.016E+00 2.139E+02 6.164E-05 3.119E-05 0.5059 
9.000E-03 2.205E+02 5.595E+00 2.261E+02 6.619E-05 3.465E-05 0.5235 
1.000E-02 2.325E+02 5.237E+00 2.377E+02 7.050E-05 3.802E-05 0.5393 
1.250E-02 2.561E+02 4.534E+00 2.607E+02 8.052E-05 4.611E-05 0.5726 
1.500E-02 2.768E+02 4.015E+00 2.809E+02 8.975E-05 5.382E-05 0.5997 
1.750E-02 2.953E+02 3.614E+00 2.989E+02 9.837E-05 6.121E-05 0.6222 
2.000E-02 3.119E+02 3.294E+00 3.152E+02 1.065E-04 6.832E-05 0.6415 
2.250E-02 3.270E+02 3.031E+00 3.300E+02 1.143E-04 7.519E-05 0.6581 
2.500E-02 3.408E+02 2.811E+00 3.436E+02 1.217E-04 8.186E-05 0.6727 
2.750E-02 3.534E+02 2.624E+00 3.560E+02 1.288E-04 8.833E-05 0.6857 
3.000E-02 3.649E+02 2.462E+00 3.674E+02 1.357E-04 9.465E-05 0.6973 
3.500E-02 3.853E+02 2.198E+00 3.875E+02 1.490E-04 1.069E-04 0.7174 
4.000E-02 4.025E+02 1.989E+00 4.045E+02 1.616E-04 1.187E-04 0.7342 
4.500E-02 4.170E+02 1.819E+00 4.188E+02 1.737E-04 1.301E-04 0.7487 
5.000E-02 4.292E+02 1.679E+00 4.308E+02 1.855E-04 1.412E-04 0.7613 
5.500E-02 4.393E+02 1.560E+00 4.408E+02 1.970E-04 1.521E-04 0.7724 
6.000E-02 4.476E+02 1.459E+00 4.490E+02 2.082E-04 1.629E-04 0.7823 
6.500E-02 4.543E+02 1.371E+00 4.557E+02 2.193E-04 1.735E-04 0.7912 
7.000E-02 4.596E+02 1.293E+00 4.609E+02 2.302E-04 1.840E-04 0.7993 
7.500E-02 4.637E+02 1.225E+00 4.649E+02 2.410E-04 1.944E-04 0.8067 
8.000E-02 4.666E+02 1.164E+00 4.678E+02 2.517E-04 2.048E-04 0.8136 
8.500E-02 4.686E+02 1.110E+00 4.697E+02 2.624E-04 2.151E-04 0.8199 
9.000E-02 4.698E+02 1.061E+00 4.708E+02 2.730E-04 2.254E-04 0.8258 
9.500E-02 4.702E+02 1.016E+00 4.712E+02 2.836E-04 2.357E-04 0.8313 
1.000E-01 4.700E+02 9.751E-01 4.709E+02 2.942E-04 2.461E-04 0.8364 
1.250E-01 4.619E+02 8.148E-01 4.627E+02 3.477E-04 2.983E-04 0.8580 
1.500E-01 4.472E+02 7.026E-01 4.479E+02 4.026E-04 3.522E-04 0.8748 
1.750E-01 4.301E+02 6.193E-01 4.307E+02 4.595E-04 4.081E-04 0.8883 
2.000E-01 4.127E+02 5.548E-01 4.133E+02 5.187E-04 4.665E-04 0.8994 
2.250E-01 3.965E+02 5.032E-01 3.970E+02 5.805E-04 5.274E-04 0.9087 
2.500E-01 3.814E+02 4.610E-01 3.819E+02 6.447E-04 5.909E-04 0.9166 
2.750E-01 3.675E+02 4.258E-01 3.679E+02 7.114E-04 6.569E-04 0.9233 
3.000E-01 3.545E+02 3.959E-01 3.549E+02 7.806E-04 7.253E-04 0.9292 
3.500E-01 3.311E+02 3.478E-01 3.314E+02 9.265E-04 8.698E-04 0.9388 
4.000E-01 3.106E+02 3.107E-01 3.109E+02 1.082E-03 1.024E-03 0.9464 
4.500E-01 2.926E+02 2.812E-01 2.928E+02 1.248E-03 1.189E-03 0.9524 
5.000E-01 2.765E+02 2.571E-01 2.768E+02 1.424E-03 1.363E-03 0.9573 
5.500E-01 2.622E+02 2.371E-01 2.625E+02 1.609E-03 1.547E-03 0.9614 
6.000E-01 2.494E+02 2.201E-01 2.497E+02 1.805E-03 1.741E-03 0.9648 
6.500E-01 2.381E+02 2.055E-01 2.383E+02 2.010E-03 1.945E-03 0.9677 
7.000E-01 2.279E+02 1.928E-01 2.281E+02 2.224E-03 2.158E-03 0.9702 
7.500E-01 2.187E+02 1.817E-01 2.188E+02 2.448E-03 2.381E-03 0.9724 
8.000E-01 2.102E+02 1.719E-01 2.104E+02 2.681E-03 2.612E-03 0.9743 
8.500E-01 2.026E+02 1.631E-01 2.028E+02 2.923E-03 2.853E-03 0.9759 
9.000E-01 1.957E+02 1.552E-01 1.958E+02 3.174E-03 3.102E-03 0.9773 
9.500E-01 1.892E+02 1.480E-01 1.894E+02 3.434E-03 3.361E-03 0.9786 
1.000E+00 1.832E+02 1.416E-01 1.834E+02 3.702E-03 3.627E-03 0.9798 
1.250E+00 1.589E+02 1.165E-01 1.590E+02 5.171E-03 5.088E-03 0.9840 
1.500E+00 1.409E+02 9.923E-02 1.410E+02 6.844E-03 6.753E-03 0.9867 
1.750E+00 1.270E+02 8.658E-02 1.271E+02 8.714E-03 8.614E-03 0.9886 
2.000E+00 1.160E+02 7.691E-02 1.160E+02 1.077E-02 1.067E-02 0.9899 
2.250E+00 1.069E+02 6.926E-02 1.069E+02 1.302E-02 1.290E-02 0.9909 
2.500E+00 9.926E+01 6.304E-02 9.933E+01 1.545E-02 1.532E-02 0.9917 
2.750E+00 9.279E+01 5.789E-02 9.285E+01 1.805E-02 1.791E-02 0.9923 
3.000E+00 8.720E+01 5.355E-02 8.726E+01 2.083E-02 2.068E-02 0.9928 
3.500E+00 7.803E+01 4.662E-02 7.807E+01 2.690E-02 2.673E-02 0.9935 
4.000E+00 7.078E+01 4.133E-02 7.082E+01 3.364E-02 3.344E-02 0.9941 
4.500E+00 6.490E+01 3.715E-02 6.494E+01 4.102E-02 4.079E-02 0.9945 
5.000E+00 6.002E+01 3.376E-02 6.005E+01 4.903E-02 4.878E-02 0.9948 
5.500E+00 5.590E+01 3.096E-02 5.593E+01 5.766E-02 5.738E-02 0.9951 
6.000E+00 5.236E+01 2.860E-02 5.238E+01 6.691E-02 6.659E-02 0.9953 
6.500E+00 4.928E+01 2.658E-02 4.931E+01 7.675E-02 7.640E-02 0.9954 
7.000E+00 4.658E+01 2.484E-02 4.661E+01 8.718E-02 8.680E-02 0.9956 
7.500E+00 4.419E+01 2.332E-02 4.422E+01 9.820E-02 9.778E-02 0.9957 
8.000E+00 4.206E+01 2.198E-02 4.208E+01 1.098E-01 1.093E-01 0.9958 
8.500E+00 4.015E+01 2.079E-02 4.017E+01 1.220E-01 1.215E-01 0.9959 
9.000E+00 3.842E+01 1.973E-02 3.844E+01 1.347E-01 1.342E-01 0.9960 
9.500E+00 3.684E+01 1.877E-02 3.686E+01 1.480E-01 1.474E-01 0.9961 
1.000E+01 3.541E+01 1.790E-02 3.543E+01 1.618E-01 1.612E-01 0.9962 
1.250E+01 2.976E+01 1.457E-02 2.977E+01 2.391E-01 2.383E-01 0.9964 
1.500E+01 2.579E+01 1.230E-02 2.580E+01 3.296E-01 3.285E-01 0.9966 
1.750E+01 2.284E+01 1.066E-02 2.285E+01 4.328E-01 4.313E-01 0.9967 
2.000E+01 2.055E+01 9.410E-03 2.056E+01 5.483E-01 5.465E-01 0.9968 
2.500E+01 1.722E+01 7.638E-03 1.723E+01 8.151E-01 8.127E-01 0.9970 
2.750E+01 1.597E+01 6.986E-03 1.598E+01 9.659E-01 9.631E-01 0.9970 
3.000E+01 1.491E+01 6.438E-03 1.491E+01 1.128E+00 1.125E+00 0.9971 
3.500E+01 1.320E+01 5.570E-03 1.320E+01 1.485E+00 1.481E+00 0.9972 
4.000E+01 1.188E+01 4.912E-03 1.188E+01 1.885E+00 1.880E+00 0.9972 
4.500E+01 1.083E+01 4.397E-03 1.083E+01 2.326E+00 2.320E+00 0.9973 
5.000E+01 9.973E+00 3.981E-03 9.977E+00 2.808E+00 2.800E+00 0.9973 
5.500E+01 9.261E+00 3.638E-03 9.265E+00 3.328E+00 3.319E+00 0.9974 
6.000E+01 8.658E+00 3.351E-03 8.662E+00 3.887E+00 3.877E+00 0.9974 
6.500E+01 8.141E+00 3.107E-03 8.145E+00 4.482E+00 4.471E+00 0.9975 
7.000E+01 7.693E+00 2.897E-03 7.696E+00 5.114E+00 5.101E+00 0.9975 
7.500E+01 7.300E+00 2.714E-03 7.303E+00 5.781E+00 5.767E+00 0.9975 
8.000E+01 6.953E+00 2.553E-03 6.956E+00 6.483E+00 6.467E+00 0.9976 
8.500E+01 6.644E+00 2.410E-03 6.647E+00 7.219E+00 7.201E+00 0.9976 
9.000E+01 6.367E+00 2.283E-03 6.370E+00 7.987E+00 7.968E+00 0.9976 
9.500E+01 6.118E+00 2.169E-03 6.120E+00 8.789E+00 8.768E+00 0.9976 
1.000E+02 5.891E+00 2.066E-03 5.893E+00 9.621E+00 9.599E+00 0.9976 
1.250E+02 5.016E+00 1.672E-03 5.018E+00 1.424E+01 1.421E+01 0.9977 
1.500E+02 4.419E+00 1.407E-03 4.421E+00 1.956E+01 1.952E+01 0.9978 
1.750E+02 3.985E+00 1.215E-03 3.987E+00 2.553E+01 2.548E+01 0.9979 
2.000E+02 3.656E+00 1.071E-03 3.657E+00 3.209E+01 3.202E+01 0.9979 
2.250E+02 3.397E+00 9.574E-04 3.398E+00 3.919E+01 3.911E+01 0.9980 
2.500E+02 3.189E+00 8.662E-04 3.190E+00 4.679E+01 4.670E+01 0.9980 
2.750E+02 3.018E+00 7.913E-04 3.019E+00 5.485E+01 5.474E+01 0.9981 
3.000E+02 2.875E+00 7.286E-04 2.876E+00 6.334E+01 6.322E+01 0.9981 
3.500E+02 2.650E+00 6.294E-04 2.651E+00 8.148E+01 8.133E+01 0.9982 
4.000E+02 2.482E+00 5.545E-04 2.483E+00 1.010E+02 1.008E+02 0.9982 
4.500E+02 2.352E+00 4.959E-04 2.353E+00 1.217E+02 1.215E+02 0.9983 
5.000E+02 2.248E+00 4.487E-04 2.248E+00 1.435E+02 1.432E+02 0.9983 
5.500E+02 2.164E+00 4.100E-04 2.164E+00 1.661E+02 1.659E+02 0.9984 
6.000E+02 2.094E+00 3.775E-04 2.094E+00 1.896E+02 1.893E+02 0.9984 
6.500E+02 2.036E+00 3.500E-04 2.036E+00 2.139E+02 2.135E+02 0.9984 
7.000E+02 1.987E+00 3.263E-04 1.988E+00 2.387E+02 2.384E+02 0.9985 
7.500E+02 1.946E+00 3.056E-04 1.946E+00 2.642E+02 2.638E+02 0.9985 
8.000E+02 1.910E+00 2.875E-04 1.910E+00 2.901E+02 2.897E+02 0.9985 
8.500E+02 1.879E+00 2.715E-04 1.879E+00 3.165E+02 3.160E+02 0.9986 
9.000E+02 1.852E+00 2.572E-04 1.853E+00 3.433E+02 3.428E+02 0.9986 
9.500E+02 1.829E+00 2.444E-04 1.829E+00 3.704E+02 3.699E+02 0.9986 
1.000E+03 1.809E+00 2.329E-04 1.809E+00 3.979E+02 3.974E+02 0.9987 
1.500E+03 1.696E+00 1.588E-04 1.697E+00 6.850E+02 6.843E+02 0.9988 
2.000E+03 1.660E+00 1.212E-04 1.660E+00 9.835E+02 9.825E+02 0.9990 
2.500E+03 1.651E+00 9.824E-05 1.651E+00 1.286E+03 1.285E+03 0.9991 
3.000E+03 1.653E+00 8.279E-05 1.653E+00 1.589E+03 1.587E+03 0.9992 
4.000E+03 1.669E+00 6.322E-05 1.669E+00 2.191E+03 2.189E+03 0.9993 
5.000E+03 1.690E+00 5.130E-05 1.690E+00 2.786E+03 2.785E+03 0.9994 
6.000E+03 1.711E+00 4.325E-05 1.711E+00 3.374E+03 3.372E+03 0.9994 
7.000E+03 1.731E+00 3.745E-05 1.731E+00 3.955E+03 3.953E+03 0.9995 
8.000E+03 1.749E+00 3.305E-05 1.749E+00 4.530E+03 4.528E+03 0.9995 
9.000E+03 1.766E+00 2.960E-05 1.766E+00 5.099E+03 5.097E+03 0.9995 
1.000E+04 1.782E+00 2.683E-05 1.782E+00 5.663E+03 5.660E+03 0.9996 