PSTAR: Stopping Powers and Range Tables for Protons

CALCIUM FLUORIDE                                                        

Kinetic   Electron. Nuclear   Total     
Energy    Stp. Pow. Stp. Pow. Stp. Pow. 
MeV       MeV cm2/g MeV cm2/g MeV cm2/g 

1.000E-03 7.448E+01 1.212E+01 8.659E+01 
1.500E-03 9.121E+01 1.077E+01 1.020E+02 
2.000E-03 1.053E+02 9.750E+00 1.151E+02 
2.500E-03 1.178E+02 8.945E+00 1.267E+02 
3.000E-03 1.290E+02 8.289E+00 1.373E+02 
4.000E-03 1.490E+02 7.277E+00 1.562E+02 
5.000E-03 1.665E+02 6.524E+00 1.731E+02 
6.000E-03 1.824E+02 5.936E+00 1.884E+02 
7.000E-03 1.970E+02 5.462E+00 2.025E+02 
8.000E-03 2.106E+02 5.069E+00 2.157E+02 
9.000E-03 2.234E+02 4.738E+00 2.282E+02 
1.000E-02 2.355E+02 4.453E+00 2.400E+02 
1.250E-02 2.596E+02 3.889E+00 2.635E+02 
1.500E-02 2.807E+02 3.467E+00 2.842E+02 
1.750E-02 2.996E+02 3.138E+00 3.027E+02 
2.000E-02 3.166E+02 2.873E+00 3.194E+02 
2.250E-02 3.320E+02 2.654E+00 3.347E+02 
2.500E-02 3.462E+02 2.469E+00 3.486E+02 
2.750E-02 3.591E+02 2.312E+00 3.615E+02 
3.000E-02 3.711E+02 2.175E+00 3.732E+02 
3.500E-02 3.922E+02 1.950E+00 3.941E+02 
4.000E-02 4.101E+02 1.771E+00 4.118E+02 
4.500E-02 4.252E+02 1.625E+00 4.268E+02 
5.000E-02 4.380E+02 1.503E+00 4.395E+02 
5.500E-02 4.487E+02 1.400E+00 4.501E+02 
6.000E-02 4.575E+02 1.311E+00 4.588E+02 
6.500E-02 4.646E+02 1.234E+00 4.658E+02 
7.000E-02 4.703E+02 1.167E+00 4.715E+02 
7.500E-02 4.747E+02 1.107E+00 4.758E+02 
8.000E-02 4.779E+02 1.053E+00 4.789E+02 
8.500E-02 4.801E+02 1.005E+00 4.811E+02 
9.000E-02 4.814E+02 9.615E-01 4.823E+02 
9.500E-02 4.819E+02 9.219E-01 4.828E+02 
1.000E-01 4.817E+02 8.857E-01 4.825E+02 
1.250E-01 4.730E+02 7.430E-01 4.737E+02 
1.500E-01 4.567E+02 6.425E-01 4.574E+02 
1.750E-01 4.376E+02 5.676E-01 4.381E+02 
2.000E-01 4.178E+02 5.095E-01 4.183E+02 
2.250E-01 3.986E+02 4.629E-01 3.991E+02 
2.500E-01 3.806E+02 4.246E-01 3.811E+02 
2.750E-01 3.640E+02 3.926E-01 3.644E+02 
3.000E-01 3.487E+02 3.654E-01 3.491E+02 
3.500E-01 3.229E+02 3.216E-01 3.233E+02 
4.000E-01 3.017E+02 2.877E-01 3.020E+02 
4.500E-01 2.835E+02 2.607E-01 2.837E+02 
5.000E-01 2.675E+02 2.386E-01 2.678E+02 
5.500E-01 2.534E+02 2.202E-01 2.536E+02 
6.000E-01 2.409E+02 2.046E-01 2.411E+02 
6.500E-01 2.298E+02 1.912E-01 2.300E+02 
7.000E-01 2.199E+02 1.795E-01 2.201E+02 
7.500E-01 2.108E+02 1.693E-01 2.110E+02 
8.000E-01 2.025E+02 1.602E-01 2.027E+02 
8.500E-01 1.948E+02 1.521E-01 1.950E+02 
9.000E-01 1.877E+02 1.448E-01 1.879E+02 
9.500E-01 1.813E+02 1.383E-01 1.814E+02 
1.000E+00 1.755E+02 1.323E-01 1.756E+02 
1.250E+00 1.516E+02 1.091E-01 1.517E+02 
1.500E+00 1.344E+02 9.308E-02 1.345E+02 
1.750E+00 1.211E+02 8.136E-02 1.212E+02 
2.000E+00 1.106E+02 7.238E-02 1.107E+02 
2.250E+00 1.019E+02 6.525E-02 1.020E+02 
2.500E+00 9.471E+01 5.945E-02 9.477E+01 
2.750E+00 8.858E+01 5.464E-02 8.863E+01 
3.000E+00 8.329E+01 5.058E-02 8.334E+01 
3.500E+00 7.460E+01 4.410E-02 7.464E+01 
4.000E+00 6.773E+01 3.914E-02 6.777E+01 
4.500E+00 6.215E+01 3.522E-02 6.218E+01 
5.000E+00 5.751E+01 3.204E-02 5.754E+01 
5.500E+00 5.358E+01 2.941E-02 5.361E+01 
6.000E+00 5.022E+01 2.719E-02 5.025E+01 
6.500E+00 4.729E+01 2.529E-02 4.732E+01 
7.000E+00 4.473E+01 2.365E-02 4.475E+01 
7.500E+00 4.245E+01 2.222E-02 4.248E+01 
8.000E+00 4.042E+01 2.096E-02 4.044E+01 
8.500E+00 3.860E+01 1.983E-02 3.862E+01 
9.000E+00 3.695E+01 1.883E-02 3.696E+01 
9.500E+00 3.544E+01 1.792E-02 3.546E+01 
1.000E+01 3.408E+01 1.710E-02 3.409E+01 
1.250E+01 2.868E+01 1.395E-02 2.869E+01 
1.500E+01 2.488E+01 1.180E-02 2.489E+01 
1.750E+01 2.205E+01 1.024E-02 2.206E+01 
2.000E+01 1.986E+01 9.048E-03 1.987E+01 
2.500E+01 1.666E+01 7.358E-03 1.667E+01 
2.750E+01 1.546E+01 6.735E-03 1.547E+01 
3.000E+01 1.444E+01 6.211E-03 1.444E+01 
3.500E+01 1.279E+01 5.380E-03 1.280E+01 
4.000E+01 1.152E+01 4.749E-03 1.153E+01 
4.500E+01 1.051E+01 4.254E-03 1.051E+01 
5.000E+01 9.683E+00 3.854E-03 9.687E+00 
5.500E+01 8.995E+00 3.524E-03 8.998E+00 
6.000E+01 8.412E+00 3.248E-03 8.415E+00 
6.500E+01 7.913E+00 3.013E-03 7.916E+00 
7.000E+01 7.479E+00 2.810E-03 7.482E+00 
7.500E+01 7.099E+00 2.633E-03 7.101E+00 
8.000E+01 6.763E+00 2.478E-03 6.765E+00 
8.500E+01 6.463E+00 2.340E-03 6.466E+00 
9.000E+01 6.195E+00 2.218E-03 6.197E+00 
9.500E+01 5.953E+00 2.107E-03 5.955E+00 
1.000E+02 5.734E+00 2.008E-03 5.736E+00 
1.250E+02 4.886E+00 1.626E-03 4.887E+00 
1.500E+02 4.306E+00 1.369E-03 4.307E+00 
1.750E+02 3.885E+00 1.183E-03 3.886E+00 
2.000E+02 3.565E+00 1.043E-03 3.566E+00 
2.250E+02 3.313E+00 9.325E-04 3.314E+00 
2.500E+02 3.111E+00 8.440E-04 3.112E+00 
2.750E+02 2.945E+00 7.711E-04 2.945E+00 
3.000E+02 2.806E+00 7.101E-04 2.806E+00 
3.500E+02 2.587E+00 6.136E-04 2.588E+00 
4.000E+02 2.424E+00 5.407E-04 2.424E+00 
4.500E+02 2.297E+00 4.836E-04 2.298E+00 
5.000E+02 2.197E+00 4.377E-04 2.198E+00 
5.500E+02 2.116E+00 4.000E-04 2.117E+00 
6.000E+02 2.049E+00 3.684E-04 2.050E+00 
6.500E+02 1.994E+00 3.415E-04 1.994E+00 
7.000E+02 1.947E+00 3.184E-04 1.947E+00 
7.500E+02 1.907E+00 2.983E-04 1.907E+00 
8.000E+02 1.873E+00 2.806E-04 1.873E+00 
8.500E+02 1.843E+00 2.650E-04 1.843E+00 
9.000E+02 1.817E+00 2.511E-04 1.818E+00 
9.500E+02 1.795E+00 2.386E-04 1.795E+00 
1.000E+03 1.775E+00 2.273E-04 1.775E+00 
1.500E+03 1.668E+00 1.551E-04 1.668E+00 
2.000E+03 1.634E+00 1.183E-04 1.634E+00 
2.500E+03 1.625E+00 9.597E-05 1.625E+00 
3.000E+03 1.627E+00 8.088E-05 1.627E+00 
4.000E+03 1.644E+00 6.177E-05 1.644E+00 
5.000E+03 1.666E+00 5.013E-05 1.666E+00 
6.000E+03 1.688E+00 4.227E-05 1.688E+00 
7.000E+03 1.709E+00 3.660E-05 1.709E+00 
8.000E+03 1.728E+00 3.231E-05 1.728E+00 
9.000E+03 1.746E+00 2.894E-05 1.746E+00 
1.000E+04 1.763E+00 2.623E-05 1.763E+00 